[[0 0 0 0]
 [0 0 0 0]
 [0 0 0 0]
 ..., 
 [0 0 0 0]
 [0 0 0 0]
 [0 0 0 0]]
[[0 0 0 0]
 [0 0 0 0]
 [0 0 0 0]
 ..., 
 [0 0 0 0]
 [0 0 0 0]
 [0 0 0 0]]
[[0 0 0 0]
 [0 0 0 0]
 [0 0 0 0]
 ..., 
 [0 0 0 0]
 [0 0 0 0]
 [0 0 0 0]]
[[0 0 0 0]
 [0 0 0 0]
 [0 0 0 0]
 ..., 
 [0 0 0 0]
 [0 0 0 0]
 [0 0 0 0]]
[[0 0 0 0]
 [0 0 0 0]
 [0 0 0 0]
 ..., 
 [0 0 0 0]
 [0 0 0 0]
 [0 0 0 0]]
[[0 0 0 0]
 [0 0 0 0]
 [0 0 0 0]
 ..., 
 [0 0 0 0]
 [0 0 0 0]
 [0 0 0 0]]
[[0 0 0 1]
 [0 0 0 0]
 [0 0 0 0]
 ..., 
 [0 0 0 0]
 [0 0 0 0]
 [0 0 0 0]]
[[0 0 0 1]
 [0 0 0 0]
 [0 0 0 0]
 ..., 
 [0 0 0 0]
 [0 0 0 0]
 [0 0 0 0]]
[[0 0 0 1]
 [0 0 0 1]
 [0 0 0 0]
 ..., 
 [0 0 0 0]
 [0 0 0 0]
 [0 0 0 0]]
[[0 1 0 0]
 [0 0 0 0]
 [0 0 0 0]
 ..., 
 [0 0 0 0]
 [0 0 0 0]
 [0 0 0 0]]
[[0 1 0 0]
 [0 0 0 0]
 [0 0 0 0]
 ..., 
 [0 0 0 0]
 [0 0 0 0]
 [0 0 0 0]]
[[0 1 0 0]
 [0 0 0 0]
 [0 0 0 0]
 ..., 
 [0 0 0 0]
 [0 0 0 0]
 [0 0 0 0]]
[[1 1 0 0]
 [0 1 0 0]
 [0 0 0 0]
 ..., 
 [0 0 0 0]
 [0 0 0 0]
 [0 0 0 0]]
[[1 1 0 0]
 [1 1 0 0]
 [0 1 0 0]
 ..., 
 [0 0 0 0]
 [0 0 0 0]
 [0 0 0 0]]
[[1 1 0 0]
 [1 2 1 0]
 [1 1 0 0]
 ..., 
 [0 0 0 0]
 [0 0 0 0]
 [0 0 0 0]]
[[1 1 0 0]
 [1 2 1 0]
 [1 1 1 0]
 ..., 
 [0 0 0 0]
 [1 1 0 0]
 [0 0 0 0]]
[[0 1 1 0]
 [1 2 1 0]
 [1 2 1 0]
 ..., 
 [0 0 0 0]
 [1 0 0 0]
 [0 0 0 0]]
[[0 1 1 0]
 [0 1 1 0]
 [1 2 1 1]
 ..., 
 [0 0 0 0]
 [0 0 0 0]
 [0 0 0 0]]
[[0 0 0 1]
 [0 1 1 1]
 [0 2 1 1]
 ..., 
 [0 0 0 0]
 [0 0 0 0]
 [0 0 0 0]]
[[0 0 0 1]
 [0 0 0 1]
 [0 1 1 1]
 ..., 
 [0 0 0 0]
 [0 0 0 0]
 [0 0 0 0]]
[[0 0 0 0]
 [0 0 0 0]
 [0 1 1 1]
 ..., 
 [0 0 0 0]
 [0 0 0 0]
 [0 0 0 0]]
[[0 0 0 0]
 [0 0 0 0]
 [0 0 0 0]
 ..., 
 [0 0 0 0]
 [0 0 0 0]
 [0 0 0 0]]
[[0 0 0 0]
 [0 0 0 0]
 [0 0 0 0]
 ..., 
 [0 0 0 0]
 [1 1 0 0]
 [0 0 0 0]]
[[0 0 0 0]
 [0 0 0 0]
 [0 0 0 0]
 ..., 
 [1 1 1 0]
 [1 1 1 1]
 [0 0 0 0]]
[[0 0 0 0]
 [0 0 0 0]
 [0 0 0 0]
 ..., 
 [1 1 1 1]
 [1 1 1 1]
 [0 0 0 0]]
[[0 0 0 0]
 [0 0 0 0]
 [0 0 0 0]
 ..., 
 [1 1 1 1]
 [1 1 1 1]
 [0 0 0 0]]
[[0 0 0 0]
 [0 0 0 0]
 [0 0 0 0]
 ..., 
 [1 1 1 1]
 [1 1 1 1]
 [0 0 0 0]]
[[0 0 0 0]
 [0 0 0 0]
 [0 0 0 0]
 ..., 
 [1 0 1 1]
 [0 0 0 0]
 [0 0 0 0]]
[[0 0 0 0]
 [0 0 0 0]
 [0 0 0 0]
 ..., 
 [0 0 0 0]
 [0 0 0 0]
 [0 0 0 0]]
[[0 0 0 0]
 [0 0 0 0]
 [0 0 0 0]
 ..., 
 [0 0 0 0]
 [0 0 0 0]
 [0 0 0 0]]
[[0 0 1 1]
 [0 0 0 0]
 [0 0 0 0]
 ..., 
 [0 0 0 0]
 [0 0 0 0]
 [0 0 0 0]]
[[0 0 1 1]
 [0 0 1 1]
 [0 0 0 1]
 ..., 
 [0 0 0 0]
 [0 0 0 0]
 [0 0 0 0]]
[[0 0 1 1]
 [0 0 1 1]
 [0 0 0 1]
 ..., 
 [0 0 0 0]
 [0 0 0 0]
 [0 0 0 0]]
[[0 0 0 1]
 [0 0 1 1]
 [0 0 1 1]
 ..., 
 [0 0 0 0]
 [0 0 0 0]
 [0 0 0 0]]
[[0 0 0 0]
 [0 0 0 0]
 [0 0 0 1]
 ..., 
 [0 0 0 0]
 [0 0 0 0]
 [0 0 0 0]]
[[0 0 0 0]
 [0 0 0 0]
 [0 0 0 0]
 ..., 
 [0 0 0 0]
 [0 0 0 0]
 [0 0 0 0]]
[[0 0 0 0]
 [0 0 0 0]
 [0 0 0 0]
 ..., 
 [0 0 0 0]
 [0 0 0 0]
 [0 0 0 0]]
[[0 0 0 0]
 [0 0 0 0]
 [0 0 0 0]
 ..., 
 [0 0 0 0]
 [0 0 0 1]
 [0 0 0 0]]
[[0 0 0 0]
 [0 0 0 0]
 [0 0 0 0]
 ..., 
 [0 0 0 1]
 [0 1 1 1]
 [0 0 0 0]]
[[0 0 0 0]
 [0 0 0 0]
 [0 0 0 0]
 ..., 
 [0 0 1 1]
 [0 0 1 1]
 [0 0 0 0]]
[[0 0 0 0]
 [0 0 0 0]
 [0 0 0 0]
 ..., 
 [0 0 1 1]
 [0 0 1 1]
 [0 0 0 0]]
[[0 0 0 0]
 [0 0 0 0]
 [0 0 0 0]
 ..., 
 [0 0 1 1]
 [0 0 1 1]
 [0 0 0 0]]
[[0 0 0 0]
 [0 0 0 0]
 [0 0 0 0]
 ..., 
 [0 1 1 1]
 [1 1 0 1]
 [0 0 0 0]]
[[0 0 0 0]
 [0 0 0 0]
 [0 0 0 0]
 ..., 
 [1 1 1 1]
 [1 1 0 0]
 [0 0 0 0]]
[[0 0 0 0]
 [0 0 0 0]
 [0 0 0 0]
 ..., 
 [1 1 0 0]
 [0 0 0 0]
 [0 0 0 0]]
[[0 0 0 0]
 [0 0 0 0]
 [0 0 0 0]
 ..., 
 [1 1 0 0]
 [0 0 0 0]
 [0 0 0 0]]
[[0 0 0 0]
 [0 0 0 0]
 [0 0 0 0]
 ..., 
 [0 0 0 0]
 [0 0 0 0]
 [0 0 0 0]]
[[0 0 0 0]
 [0 0 0 0]
 [0 0 0 0]
 ..., 
 [0 0 0 0]
 [0 0 0 0]
 [0 0 0 0]]
[[0 0 0 0]
 [0 0 0 0]
 [0 0 0 0]
 ..., 
 [0 0 0 0]
 [0 0 0 0]
 [0 0 0 0]]
[[0 0 0 0]
 [0 0 0 0]
 [0 0 0 0]
 ..., 
 [0 0 0 0]
 [0 0 0 0]
 [0 0 0 0]]
[[0 0 0 0]
 [0 0 0 0]
 [0 0 0 0]
 ..., 
 [0 0 0 0]
 [0 0 0 0]
 [0 0 0 0]]
[[0 0 0 0]
 [0 0 0 0]
 [0 0 0 0]
 ..., 
 [0 0 0 0]
 [0 0 0 0]
 [0 0 0 0]]
[[0 1 1 0]
 [0 0 0 0]
 [0 0 0 0]
 ..., 
 [0 0 0 0]
 [0 0 0 0]
 [0 0 0 0]]
[[0 1 1 0]
 [0 1 1 0]
 [0 1 0 0]
 ..., 
 [0 0 0 0]
 [0 0 0 0]
 [0 0 0 0]]
[[0 1 1 0]
 [0 1 1 0]
 [0 1 0 0]
 ..., 
 [0 0 0 0]
 [0 0 0 0]
 [0 0 0 0]]
[[0 1 1 0]
 [0 1 1 0]
 [0 1 1 0]
 ..., 
 [0 0 0 0]
 [0 0 0 0]
 [0 0 0 0]]
[[0 0 1 0]
 [0 1 1 0]
 [0 1 1 0]
 ..., 
 [0 0 0 0]
 [0 0 0 0]
 [0 0 0 0]]
[[0 0 0 0]
 [0 0 1 0]
 [0 1 1 0]
 ..., 
 [0 0 0 0]
 [0 0 0 0]
 [0 0 0 0]]
[[0 0 0 1]
 [0 0 0 1]
 [0 0 1 1]
 ..., 
 [0 0 0 0]
 [0 0 0 0]
 [0 0 0 0]]
[[0 0 0 0]
 [0 0 0 0]
 [0 0 1 1]
 ..., 
 [0 0 0 0]
 [0 0 0 0]
 [0 0 0 0]]
[[0 0 0 0]
 [0 0 0 0]
 [0 0 0 0]
 ..., 
 [0 0 0 0]
 [0 0 0 0]
 [0 0 0 0]]
[[0 0 0 0]
 [0 0 0 0]
 [0 0 0 0]
 ..., 
 [0 0 0 0]
 [0 0 0 0]
 [0 0 0 0]]
[[0 0 0 0]
 [0 0 0 0]
 [0 0 0 0]
 ..., 
 [0 0 0 0]
 [0 0 0 0]
 [0 0 0 0]]
[[0 0 0 0]
 [0 0 0 0]
 [0 0 0 0]
 ..., 
 [0 0 0 1]
 [0 0 0 1]
 [0 0 0 0]]
[[0 0 0 0]
 [0 0 0 0]
 [0 0 0 0]
 ..., 
 [0 0 0 1]
 [0 0 0 1]
 [0 0 0 0]]
[[0 0 0 0]
 [0 0 0 0]
 [0 0 0 0]
 ..., 
 [0 0 0 0]
 [0 0 0 0]
 [0 0 0 0]]
[[0 0 0 0]
 [0 0 0 0]
 [0 0 0 0]
 ..., 
 [0 0 0 0]
 [0 0 0 0]
 [0 0 0 0]]
[[0 0 0 0]
 [0 0 0 0]
 [0 0 0 0]
 ..., 
 [0 0 0 0]
 [0 0 0 0]
 [0 0 0 0]]
[[0 1 1 1]
 [0 0 0 0]
 [0 0 0 0]
 ..., 
 [0 0 0 0]
 [0 0 0 0]
 [0 0 0 0]]
[[1 1 2 2]
 [0 1 1 1]
 [0 0 0 0]
 ..., 
 [0 0 0 0]
 [0 0 0 0]
 [0 0 0 0]]
[[0 1 1 1]
 [1 1 1 1]
 [0 0 0 0]
 ..., 
 [0 0 0 0]
 [0 0 0 0]
 [0 0 0 0]]
[[0 0 0 1]
 [0 1 1 1]
 [1 1 1 1]
 ..., 
 [0 0 0 0]
 [0 0 0 0]
 [0 0 0 0]]
[[0 0 0 1]
 [0 0 0 1]
 [0 0 0 1]
 ..., 
 [0 0 0 0]
 [0 0 0 0]
 [0 0 0 0]]
[[0 0 0 1]
 [0 0 0 1]
 [0 0 0 0]
 ..., 
 [0 0 0 0]
 [0 0 0 0]
 [0 0 0 0]]
[[0 0 0 0]
 [0 0 0 0]
 [0 0 0 0]
 ..., 
 [0 0 0 0]
 [0 0 0 0]
 [0 0 0 0]]
[[1 0 0 0]
 [1 0 0 0]
 [1 0 0 0]
 ..., 
 [0 0 0 0]
 [0 0 0 0]
 [0 0 0 0]]
[[1 0 0 0]
 [1 0 0 0]
 [1 1 0 1]
 ..., 
 [0 0 0 0]
 [0 0 0 0]
 [0 0 0 0]]
[[0 0 0 0]
 [1 1 0 0]
 [1 1 0 0]
 ..., 
 [0 0 0 0]
 [0 0 0 0]
 [0 0 0 0]]
[[0 0 0 0]
 [0 1 0 0]
 [1 1 1 0]
 ..., 
 [0 0 0 0]
 [0 0 0 0]
 [0 0 0 0]]
[[0 0 0 0]
 [0 0 0 0]
 [0 1 1 0]
 ..., 
 [0 0 0 0]
 [0 0 0 0]
 [0 0 0 0]]
[[0 0 0 0]
 [0 0 0 0]
 [0 0 0 0]
 ..., 
 [0 0 0 0]
 [0 0 0 0]
 [0 0 0 0]]
[[0 0 0 0]
 [0 0 0 0]
 [0 0 0 0]
 ..., 
 [0 0 0 0]
 [0 0 0 0]
 [0 0 0 0]]
[[0 0 0 0]
 [0 0 0 0]
 [0 0 0 0]
 ..., 
 [0 0 0 0]
 [0 0 0 0]
 [0 0 0 0]]
[[0 0 0 0]
 [0 0 0 0]
 [0 0 0 0]
 ..., 
 [0 0 0 0]
 [0 0 0 0]
 [0 0 0 0]]
[[0 0 0 0]
 [0 0 0 0]
 [0 0 0 0]
 ..., 
 [0 0 0 0]
 [0 0 0 0]
 [0 0 0 0]]
[[0 0 0 0]
 [0 0 0 0]
 [0 0 0 0]
 ..., 
 [0 0 0 0]
 [0 0 0 0]
 [0 0 0 0]]
[[0 0 0 0]
 [0 0 0 0]
 [0 0 0 0]
 ..., 
 [0 0 0 0]
 [0 0 0 0]
 [0 0 0 0]]
[[1 1 1 1]
 [0 0 0 0]
 [0 0 0 0]
 ..., 
 [0 0 0 0]
 [0 0 0 0]
 [0 0 0 0]]
[[2 2 1 1]
 [1 1 1 1]
 [0 0 0 0]
 ..., 
 [0 0 0 0]
 [1 1 0 0]
 [0 0 0 0]]
[[2 2 1 1]
 [2 2 1 1]
 [1 1 1 1]
 ..., 
 [1 1 0 0]
 [1 2 0 0]
 [0 0 0 0]]
[[2 3 2 1]
 [2 3 2 1]
 [1 2 1 1]
 ..., 
 [1 2 0 0]
 [1 1 0 0]
 [0 0 0 0]]
[[1 2 1 1]
 [2 3 2 1]
 [2 2 2 1]
 ..., 
 [1 1 0 0]
 [1 1 1 0]
 [0 0 0 0]]
[[0 1 1 0]
 [1 3 2 1]
 [1 3 2 2]
 ..., 
 [1 1 1 0]
 [0 1 1 0]
 [0 0 0 0]]
[[0 0 0 0]
 [0 1 1 0]
 [1 2 2 1]
 ..., 
 [0 1 1 0]
 [0 0 1 0]
 [0 0 0 0]]
[[0 0 0 0]
 [0 0 0 0]
 [0 1 1 0]
 ..., 
 [0 0 1 0]
 [0 0 1 0]
 [0 0 0 0]]
[[0 0 0 0]
 [0 0 0 0]
 [0 0 0 0]
 ..., 
 [0 0 1 0]
 [0 0 0 0]
 [0 0 0 0]]
[[0 0 0 0]
 [0 0 0 0]
 [0 0 0 0]
 ..., 
 [0 0 1 1]
 [0 0 0 0]
 [0 0 0 0]]
[[0 0 0 0]
 [0 0 0 0]
 [0 0 0 0]
 ..., 
 [0 0 0 1]
 [0 0 0 0]
 [0 0 0 0]]
[[0 0 0 0]
 [0 0 0 0]
 [0 0 0 0]
 ..., 
 [0 0 0 0]
 [0 0 0 0]
 [0 0 0 0]]
[[0 0 0 0]
 [0 0 0 0]
 [0 0 0 0]
 ..., 
 [0 0 0 0]
 [0 0 0 0]
 [0 0 0 0]]
[[0 0 0 0]
 [0 0 0 0]
 [0 0 0 0]
 ..., 
 [0 0 0 0]
 [0 0 0 0]
 [0 0 0 0]]
[[1 0 1 0]
 [0 0 0 0]
 [0 0 0 0]
 ..., 
 [0 0 0 0]
 [0 0 0 0]
 [0 0 0 0]]
[[1 1 2 1]
 [1 0 1 0]
 [0 0 0 0]
 ..., 
 [0 0 0 0]
 [0 0 0 0]
 [0 0 0 0]]
[[1 1 2 1]
 [1 1 1 1]
 [1 0 1 1]
 ..., 
 [0 0 0 0]
 [0 0 0 0]
 [0 0 0 0]]
[[1 1 1 0]
 [1 1 1 1]
 [1 1 1 1]
 ..., 
 [0 0 0 0]
 [0 0 0 0]
 [0 0 0 0]]
[[0 0 0 0]
 [1 0 1 0]
 [1 0 1 0]
 ..., 
 [0 0 1 0]
 [0 0 1 0]
 [0 0 0 0]]
[[0 0 0 0]
 [0 0 0 0]
 [0 0 0 0]
 ..., 
 [0 0 1 1]
 [0 0 1 1]
 [0 0 0 0]]
[[0 0 0 0]
 [0 0 0 0]
 [0 0 0 0]
 ..., 
 [0 0 0 1]
 [0 0 0 1]
 [0 0 0 0]]
[[0 0 0 0]
 [0 0 0 0]
 [0 0 0 0]
 ..., 
 [0 0 0 1]
 [0 0 0 0]
 [0 0 0 0]]
[[0 0 0 0]
 [0 0 0 0]
 [0 0 0 0]
 ..., 
 [0 0 0 0]
 [0 0 0 0]
 [0 0 0 0]]
[[0 0 0 0]
 [0 0 0 0]
 [0 0 0 0]
 ..., 
 [0 0 0 0]
 [0 0 0 0]
 [0 0 0 0]]
[[0 0 0 0]
 [0 0 0 0]
 [0 0 0 0]
 ..., 
 [1 0 0 0]
 [1 0 0 0]
 [0 0 0 0]]
[[0 0 0 0]
 [0 0 0 0]
 [0 0 0 0]
 ..., 
 [1 0 0 0]
 [1 0 0 0]
 [0 0 0 0]]
[[0 0 0 0]
 [0 0 0 0]
 [0 0 0 0]
 ..., 
 [1 0 0 0]
 [0 0 0 0]
 [0 0 0 0]]
[[0 0 0 0]
 [0 0 0 0]
 [0 0 0 0]
 ..., 
 [0 1 0 0]
 [0 0 0 0]
 [0 0 0 0]]
[[0 0 0 0]
 [0 0 0 0]
 [0 0 0 0]
 ..., 
 [0 0 0 0]
 [0 0 0 0]
 [0 0 0 0]]
[[0 0 0 0]
 [0 0 0 0]
 [0 1 0 0]
 ..., 
 [0 0 0 0]
 [0 0 0 0]
 [0 0 0 0]]
[[0 0 0 0]
 [0 0 0 0]
 [0 0 0 0]
 ..., 
 [0 0 0 0]
 [0 0 0 0]
 [0 0 0 0]]
[[0 0 0 0]
 [0 0 0 0]
 [0 0 0 0]
 ..., 
 [0 0 0 0]
 [0 0 0 0]
 [0 0 0 0]]
[[0 0 0 0]
 [0 0 0 0]
 [0 0 0 0]
 ..., 
 [0 0 0 0]
 [0 0 0 0]
 [0 0 0 0]]
[[0 0 0 0]
 [0 0 0 0]
 [0 0 0 0]
 ..., 
 [0 0 0 0]
 [0 0 0 0]
 [0 0 0 0]]
[[0 0 0 0]
 [0 0 0 0]
 [0 0 0 0]
 ..., 
 [0 0 0 0]
 [0 0 0 0]
 [0 0 0 0]]
[[0 0 0 0]
 [0 0 0 0]
 [0 0 0 0]
 ..., 
 [0 0 0 0]
 [1 0 0 0]
 [0 0 0 0]]
[[0 0 0 0]
 [0 0 0 0]
 [0 0 0 0]
 ..., 
 [0 0 0 0]
 [0 0 0 0]
 [0 0 0 0]]
[[0 0 0 0]
 [0 0 0 0]
 [0 0 0 0]
 ..., 
 [0 0 0 0]
 [0 0 0 0]
 [0 0 0 0]]
[[1 1 1 0]
 [0 0 0 0]
 [0 0 0 0]
 ..., 
 [0 0 0 0]
 [0 0 0 0]
 [0 0 0 0]]
[[1 1 1 0]
 [0 1 1 0]
 [0 0 0 0]
 ..., 
 [0 0 0 0]
 [0 0 0 0]
 [0 0 0 0]]
[[1 1 1 0]
 [0 1 1 0]
 [0 1 1 0]
 ..., 
 [0 0 0 0]
 [0 0 0 0]
 [0 0 0 0]]
[[0 0 0 0]
 [0 1 1 1]
 [0 1 1 1]
 ..., 
 [0 0 0 0]
 [0 0 0 0]
 [0 0 0 0]]
[[0 0 0 0]
 [0 0 0 0]
 [0 0 0 0]
 ..., 
 [0 0 0 0]
 [0 0 0 0]
 [0 0 0 0]]
[[0 0 0 0]
 [0 0 0 0]
 [0 0 0 0]
 ..., 
 [0 0 0 0]
 [0 0 0 0]
 [0 0 0 0]]
[[0 0 0 0]
 [0 0 0 0]
 [0 0 0 0]
 ..., 
 [0 0 0 0]
 [0 0 0 0]
 [0 0 0 0]]
[[0 0 0 0]
 [0 0 0 0]
 [0 0 0 0]
 ..., 
 [0 0 0 0]
 [0 0 0 0]
 [0 0 0 0]]
[[0 0 0 0]
 [0 0 0 0]
 [0 0 0 0]
 ..., 
 [0 0 0 0]
 [0 0 0 0]
 [0 0 0 0]]
[[0 0 0 0]
 [0 0 0 0]
 [0 0 0 0]
 ..., 
 [0 0 0 0]
 [0 0 0 0]
 [0 0 0 0]]
[[0 0 0 0]
 [0 0 0 0]
 [0 0 0 0]
 ..., 
 [0 0 0 0]
 [0 0 0 0]
 [0 0 0 0]]
[[0 0 0 0]
 [0 0 0 0]
 [0 0 0 0]
 ..., 
 [0 0 0 0]
 [0 0 0 0]
 [0 0 0 0]]
[[0 0 0 0]
 [0 0 0 0]
 [0 0 0 0]
 ..., 
 [0 0 0 0]
 [0 0 0 0]
 [0 0 0 0]]
[[0 0 0 0]
 [0 0 0 0]
 [0 0 0 0]
 ..., 
 [0 0 0 0]
 [0 0 0 0]
 [0 0 0 0]]
[[0 0 0 0]
 [0 0 0 0]
 [0 0 0 0]
 ..., 
 [0 0 0 0]
 [0 0 0 0]
 [0 0 0 0]]
[[0 0 0 0]
 [0 0 0 0]
 [0 0 0 0]
 ..., 
 [0 0 0 0]
 [0 1 0 0]
 [0 0 0 0]]
[[0 1 0 0]
 [0 0 0 0]
 [0 0 0 0]
 ..., 
 [0 0 0 0]
 [0 0 0 0]
 [0 0 0 0]]
[[0 1 0 0]
 [0 0 0 0]
 [1 0 0 0]
 ..., 
 [0 0 0 0]
 [0 0 0 0]
 [0 0 0 0]]
[[0 0 0 0]
 [0 1 1 0]
 [0 1 0 0]
 ..., 
 [0 0 0 0]
 [0 0 0 0]
 [0 0 0 0]]
[[0 0 0 0]
 [0 0 0 0]
 [0 1 0 0]
 ..., 
 [0 0 0 0]
 [0 0 0 0]
 [0 0 0 0]]
[[0 0 0 0]
 [0 0 0 0]
 [0 0 0 0]
 ..., 
 [0 0 0 0]
 [0 0 0 0]
 [0 0 0 0]]
[[0 0 0 0]
 [0 0 0 0]
 [0 0 0 0]
 ..., 
 [0 0 0 0]
 [0 0 0 0]
 [0 0 0 0]]
[[0 0 0 0]
 [0 0 0 0]
 [0 0 0 0]
 ..., 
 [0 0 0 0]
 [0 0 0 0]
 [0 0 0 0]]
[[0 0 0 0]
 [0 0 0 0]
 [0 0 0 0]
 ..., 
 [0 0 0 0]
 [0 0 0 0]
 [0 0 0 0]]
[[0 0 0 0]
 [0 0 0 0]
 [0 0 0 0]
 ..., 
 [0 0 0 0]
 [0 0 0 0]
 [0 0 0 0]]
[[0 0 0 0]
 [0 0 0 0]
 [0 0 0 0]
 ..., 
 [0 0 0 0]
 [0 0 0 0]
 [0 0 0 0]]
[[0 0 0 0]
 [0 0 0 0]
 [0 0 0 0]
 ..., 
 [0 0 0 0]
 [0 0 0 0]
 [0 0 0 0]]
[[0 0 0 0]
 [0 0 0 0]
 [0 0 0 0]
 ..., 
 [0 0 0 0]
 [0 0 0 0]
 [0 0 0 0]]
[[1 1 0 0]
 [0 0 0 0]
 [0 0 0 0]
 ..., 
 [0 0 0 0]
 [0 0 0 0]
 [0 0 0 0]]
[[1 1 1 0]
 [0 0 0 0]
 [0 0 0 0]
 ..., 
 [0 0 0 0]
 [0 0 1 0]
 [0 0 0 0]]
[[0 0 0 0]
 [0 0 1 0]
 [0 0 0 0]
 ..., 
 [0 0 0 0]
 [0 0 0 0]
 [0 0 0 0]]
[[0 0 0 0]
 [0 0 0 0]
 [0 0 1 0]
 ..., 
 [0 0 0 0]
 [0 0 0 0]
 [0 0 0 0]]
[[0 0 0 0]
 [0 0 0 0]
 [0 0 0 0]
 ..., 
 [0 0 0 0]
 [0 0 0 0]
 [0 0 0 0]]
[[0 0 0 0]
 [0 0 0 0]
 [0 0 0 0]
 ..., 
 [0 0 0 0]
 [0 0 0 0]
 [0 0 0 0]]
[[0 0 0 0]
 [0 0 0 0]
 [0 0 0 0]
 ..., 
 [0 0 0 0]
 [0 0 0 0]
 [0 0 0 0]]
[[0 0 0 0]
 [0 0 0 0]
 [0 0 0 0]
 ..., 
 [0 0 0 0]
 [0 0 0 0]
 [0 0 0 0]]
[[0 0 0 0]
 [0 0 0 0]
 [0 0 0 0]
 ..., 
 [0 0 0 0]
 [0 0 0 0]
 [0 0 0 0]]
[[0 0 0 0]
 [0 0 0 0]
 [0 0 0 0]
 ..., 
 [0 0 0 0]
 [0 0 0 0]
 [0 0 0 0]]
[[0 0 0 0]
 [0 0 0 0]
 [0 0 0 0]
 ..., 
 [0 0 0 0]
 [0 0 0 0]
 [0 0 0 0]]
[[0 0 0 0]
 [0 0 0 0]
 [0 0 0 0]
 ..., 
 [0 0 0 0]
 [0 0 0 0]
 [0 0 0 0]]
[[0 0 0 0]
 [0 0 0 0]
 [0 0 0 0]
 ..., 
 [0 0 0 0]
 [0 0 0 0]
 [0 0 0 0]]
[[0 0 0 0]
 [0 0 0 0]
 [0 0 0 0]
 ..., 
 [0 0 0 0]
 [0 0 0 0]
 [0 0 0 0]]
[[0 0 0 0]
 [0 0 0 0]
 [0 0 0 0]
 ..., 
 [0 0 0 0]
 [0 0 0 0]
 [0 0 0 0]]
[[0 0 0 0]
 [0 0 0 0]
 [0 0 0 0]
 ..., 
 [0 0 0 0]
 [0 0 0 0]
 [0 0 0 0]]
[[0 0 0 0]
 [0 0 0 0]
 [0 0 0 0]
 ..., 
 [0 0 0 0]
 [0 0 0 0]
 [0 0 0 0]]
[[0 0 0 0]
 [0 0 0 0]
 [0 0 0 0]
 ..., 
 [0 0 0 0]
 [0 0 0 0]
 [0 0 0 0]]
[[0 0 0 0]
 [0 0 0 0]
 [0 0 0 0]
 ..., 
 [0 0 0 0]
 [0 0 0 0]
 [0 0 0 0]]
[[0 0 0 0]
 [0 0 0 0]
 [0 0 0 0]
 ..., 
 [0 0 0 0]
 [0 0 0 0]
 [0 0 0 0]]
[[0 0 0 0]
 [0 0 0 0]
 [0 0 0 0]
 ..., 
 [0 0 0 0]
 [0 0 0 0]
 [0 0 0 0]]
[[0 0 0 0]
 [0 0 0 0]
 [0 0 0 0]
 ..., 
 [0 0 0 0]
 [0 0 0 0]
 [0 0 0 0]]
[[0 0 0 0]
 [0 0 0 0]
 [0 0 0 0]
 ..., 
 [0 0 0 0]
 [0 0 0 0]
 [0 0 0 0]]
[[0 0 0 0]
 [0 0 0 0]
 [0 0 0 0]
 ..., 
 [0 0 0 0]
 [0 0 0 0]
 [0 0 0 0]]
[[0 0 0 0]
 [0 0 0 0]
 [0 0 0 0]
 ..., 
 [0 0 0 0]
 [0 0 0 0]
 [0 0 0 0]]
[[0 0 0 0]
 [0 0 0 0]
 [0 0 0 0]
 ..., 
 [0 0 0 0]
 [0 0 0 0]
 [0 0 0 0]]
[[0 0 0 0]
 [0 0 0 0]
 [0 0 0 0]
 ..., 
 [0 0 0 0]
 [0 0 0 0]
 [0 0 0 0]]
[[0 0 0 0]
 [0 0 0 0]
 [0 0 0 0]
 ..., 
 [1 0 0 0]
 [1 1 0 0]
 [0 0 0 0]]
[[0 0 0 0]
 [0 0 0 0]
 [0 0 0 0]
 ..., 
 [1 0 0 0]
 [1 1 0 0]
 [0 0 0 0]]
[[0 0 0 0]
 [0 0 0 0]
 [0 0 0 0]
 ..., 
 [0 0 0 0]
 [0 0 0 0]
 [0 0 0 0]]
[[0 0 0 0]
 [0 0 0 0]
 [0 0 0 0]
 ..., 
 [0 0 0 0]
 [0 0 0 0]
 [0 0 0 0]]
[[0 0 0 0]
 [0 0 0 0]
 [0 0 0 0]
 ..., 
 [0 0 0 0]
 [0 0 0 0]
 [0 0 0 0]]
[[0 0 0 0]
 [0 0 0 0]
 [0 0 0 0]
 ..., 
 [1 0 0 0]
 [0 0 0 0]
 [0 0 0 0]]
[[0 0 0 0]
 [0 0 0 0]
 [0 0 0 0]
 ..., 
 [1 1 0 0]
 [0 0 0 0]
 [0 0 0 0]]
[[0 0 0 0]
 [0 0 0 0]
 [0 0 0 0]
 ..., 
 [0 0 0 0]
 [0 0 0 0]
 [0 0 0 0]]
[[0 0 0 0]
 [0 0 0 0]
 [0 0 0 0]
 ..., 
 [0 0 0 0]
 [0 0 0 0]
 [0 0 0 0]]
[[0 0 0 0]
 [0 0 0 0]
 [0 0 0 0]
 ..., 
 [0 0 0 0]
 [0 0 0 0]
 [0 0 0 0]]
[[0 0 0 0]
 [0 0 0 0]
 [0 0 0 0]
 ..., 
 [0 0 0 0]
 [0 0 0 0]
 [0 0 0 0]]
[[0 0 0 0]
 [0 0 0 0]
 [0 0 0 0]
 ..., 
 [0 0 0 0]
 [0 0 0 0]
 [0 0 0 0]]
[[0 0 0 0]
 [0 0 0 0]
 [0 0 0 0]
 ..., 
 [0 0 0 0]
 [0 0 0 0]
 [0 0 0 0]]
[[0 0 0 0]
 [0 0 0 0]
 [0 0 0 0]
 ..., 
 [0 0 0 0]
 [0 0 0 0]
 [0 0 0 0]]
[[0 0 0 0]
 [0 0 0 0]
 [0 0 0 0]
 ..., 
 [1 0 0 0]
 [1 0 0 0]
 [0 0 0 0]]
[[0 0 0 0]
 [0 0 0 0]
 [0 0 0 0]
 ..., 
 [1 0 0 0]
 [1 0 0 0]
 [0 0 0 0]]
[[0 0 0 0]
 [0 0 0 0]
 [0 0 0 0]
 ..., 
 [1 0 0 0]
 [1 0 0 0]
 [0 0 0 0]]
[[0 0 0 0]
 [0 0 0 0]
 [0 0 0 0]
 ..., 
 [1 0 0 0]
 [0 0 0 0]
 [0 0 0 0]]
[[0 0 0 0]
 [0 0 0 0]
 [0 0 0 0]
 ..., 
 [0 0 0 0]
 [0 0 0 0]
 [0 0 0 0]]
[[0 0 0 0]
 [0 0 0 0]
 [0 0 0 0]
 ..., 
 [0 0 0 0]
 [0 0 0 0]
 [0 0 0 0]]
[[0 0 0 0]
 [0 0 0 0]
 [0 0 0 0]
 ..., 
 [0 0 0 0]
 [0 0 0 0]
 [0 0 0 0]]
[[0 0 0 0]
 [0 0 0 0]
 [0 0 0 0]
 ..., 
 [0 0 0 0]
 [0 1 1 0]
 [0 0 0 0]]
[[0 0 0 0]
 [0 0 0 0]
 [0 0 0 0]
 ..., 
 [0 0 1 0]
 [0 0 1 0]
 [0 0 0 0]]
[[0 0 0 0]
 [0 0 0 0]
 [0 0 0 0]
 ..., 
 [0 0 1 1]
 [0 0 1 1]
 [0 0 0 0]]
[[0 0 0 0]
 [0 0 0 0]
 [0 0 0 0]
 ..., 
 [0 0 0 0]
 [0 0 0 0]
 [0 0 0 0]]
[[0 0 0 0]
 [0 0 0 0]
 [0 0 0 0]
 ..., 
 [0 0 0 0]
 [1 0 0 0]
 [0 0 0 0]]
[[0 0 1 0]
 [0 0 0 0]
 [0 0 0 0]
 ..., 
 [1 0 0 0]
 [2 1 0 0]
 [0 0 0 0]]
[[0 0 0 0]
 [0 0 0 0]
 [0 0 1 0]
 ..., 
 [2 1 0 0]
 [2 1 1 0]
 [0 0 0 0]]
[[0 0 0 0]
 [0 0 0 0]
 [0 0 0 0]
 ..., 
 [2 1 1 0]
 [2 1 1 0]
 [0 0 0 0]]
[[0 0 0 0]
 [0 0 0 0]
 [0 0 0 0]
 ..., 
 [2 1 1 0]
 [1 1 1 0]
 [0 0 0 0]]
[[0 0 0 0]
 [0 0 0 0]
 [0 0 0 0]
 ..., 
 [1 1 1 0]
 [1 0 1 0]
 [0 0 0 0]]
[[0 0 0 0]
 [0 0 0 0]
 [0 0 0 0]
 ..., 
 [1 0 1 0]
 [0 0 1 0]
 [0 0 0 0]]
[[0 0 0 0]
 [0 0 0 0]
 [0 0 0 0]
 ..., 
 [0 0 0 0]
 [0 0 1 0]
 [0 0 0 0]]
[[0 0 0 0]
 [0 0 0 0]
 [0 0 0 0]
 ..., 
 [0 0 0 0]
 [0 0 0 0]
 [0 0 0 0]]
[[  0   0   0   0]
 [  0   0   0   0]
 [  0   0   0   0]
 ..., 
 [956 951 942 929]
 [  0   0   0   0]
 [  0   0   0   0]]
[[  0   0   0   0]
 [  0   0   0   0]
 [  0   0   0   0]
 ..., 
 [933 930 932 941]
 [  0   0   0   0]
 [  0   0   0   0]]
[[  0   0   0   0]
 [  0   0   0   0]
 [  0   0   0   0]
 ..., 
 [912 911 910 926]
 [  1   1   0   0]
 [  0   0   0   0]]
[[  0   0   0   0]
 [  0   0   0   0]
 [  0   0   0   0]
 ..., 
 [904 904 896 906]
 [  1   2   1   1]
 [  0   0   0   0]]
[[  0   0   0   0]
 [  0   0   0   0]
 [  0   0   0   0]
 ..., 
 [900 901 888 892]
 [  1   2   2   1]
 [  0   0   0   0]]
[[  0   0   1   0]
 [  0   0   1   0]
 [  0   0   0   0]
 ..., 
 [900 899 886 884]
 [  1   2   2   1]
 [  0   0   0   0]]
[[  0   0   0   0]
 [  0   0   1   0]
 [897 855 794 707]
 ..., 
 [898 895 886 881]
 [894 893 889 884]
 [  0   0   0   0]]
[[  0   0   0   1]
 [  0   0   0   0]
 [950 947 916 857]
 ..., 
 [894 891 886 876]
 [894 891 887 878]
 [  0   0   0   0]]
[[  0   0   0   1]
 [  0   0   0   0]
 [951 964 953 934]
 ..., 
 [890 887 887 880]
 [891 888 889 882]
 [  0   0   0   0]]
[[  0   0   0   0]
 [  0   0   0   0]
 [931 943 940 952]
 ..., 
 [884 881 887 886]
 [886 881 890 890]
 [  0   0   0   0]]
[[  0   0   0   0]
 [  0   0   0   0]
 [916 926 923 941]
 ..., 
 [876 872 881 886]
 [877 874 885 890]
 [  0   0   0   0]]
[[  0   0   0   0]
 [  0   0   0   1]
 [914 923 921 931]
 ..., 
 [874 871 875 880]
 [873 872 881 886]
 [  0   0   0   0]]
[[  0   0   0   1]
 [  0   0   0   1]
 [910 918 915 917]
 ..., 
 [875 875 871 869]
 [872 876 877 877]
 [  0   0   0   0]]
[[  0   0   0   0]
 [  0   0   0   0]
 [895 900 898 900]
 ..., 
 [881 886 877 866]
 [878 883 879 873]
 [  0   0   0   0]]
[[  0   0   0   0]
 [879 880 885 891]
 [877 881 883 888]
 ..., 
 [887 892 882 870]
 [883 887 880 874]
 [882 882 881 881]]
[[  0   0   0   0]
 [870 881 889 893]
 [870 881 886 886]
 ..., 
 [890 894 888 878]
 [886 888 883 877]
 [881 881 879 879]]
[[  0   0   1   0]
 [869 888 896 890]
 [870 887 892 885]
 ..., 
 [885 887 886 881]
 [879 882 882 877]
 [876 879 881 883]]
[[  0   1   1   1]
 [872 888 893 886]
 [876 889 896 887]
 ..., 
 [880 882 882 883]
 [875 880 884 884]
 [876 881 886 885]]
[[  1   1   1   1]
 [873 878 882 878]
 [882 880 888 886]
 ..., 
 [877 880 882 882]
 [876 879 884 883]
 [880 884 888 883]]
[[  1   1   1   0]
 [881 877 874 873]
 [886 876 880 882]
 ..., 
 [882 883 882 880]
 [882 881 882 878]
 [886 885 885 879]]
[[  0   0   0   0]
 [891 883 876 874]
 [892 881 878 880]
 ..., 
 [884 884 884 880]
 [884 884 883 880]
 [888 885 881 877]]
[[  0   0   0   0]
 [891 887 881 879]
 [893 884 880 880]
 ..., 
 [886 890 890 889]
 [882 889 887 884]
 [884 887 881 878]]
[[  1   0   0   0]
 [884 883 887 881]
 [884 882 883 881]
 ..., 
 [887 900 897 896]
 [881 896 892 889]
 [883 893 887 883]]
[[  1   0   0   0]
 [876 879 887 878]
 [874 876 884 881]
 ..., 
 [886 903 901 895]
 [885 900 894 892]
 [886 896 889 883]]
[[  0   0   0   0]
 [874 878 883 870]
 [871 875 883 874]
 ..., 
 [888 897 891 890]
 [891 895 888 887]
 [892 893 886 881]]
[[  0   0   0   0]
 [882 881 881 869]
 [875 877 878 868]
 ..., 
 [888 884 878 879]
 [898 889 881 884]
 [898 890 882 882]]
[[897 888 884 880]
 [895 886 881 873]
 [889 884 878 869]
 ..., 
 [887 874 866 873]
 [893 878 870 879]
 [897 885 875 882]]
[[903 891 885 887]
 [905 890 881 880]
 [900 890 877 876]
 ..., 
 [882 869 863 872]
 [886 871 863 874]
 [892 881 871 879]]
[[896 886 882 891]
 [900 886 878 884]
 [900 888 878 883]
 ..., 
 [881 870 865 874]
 [883 870 865 875]
 [890 880 874 880]]
[[876 875 878 889]
 [883 875 875 886]
 [883 879 877 886]
 ..., 
 [888 876 873 881]
 [886 874 873 878]
 [891 881 883 881]]
[[863 866 871 882]
 [865 864 871 883]
 [868 870 879 888]
 ..., 
 [892 883 885 888]
 [888 879 885 884]
 [889 885 895 892]]
[[859 866 869 875]
 [859 863 869 876]
 [864 867 878 885]
 ..., 
 [888 886 896 896]
 [882 885 895 895]
 [883 887 901 899]]
[[860 868 868 868]
 [862 866 869 871]
 [867 868 872 875]
 ..., 
 [882 888 897 895]
 [881 888 896 896]
 [881 886 895 894]]
[[863 873 876 870]
 [866 871 871 867]
 [871 871 870 869]
 ..., 
 [884 889 893 886]
 [887 888 889 887]
 [888 887 887 885]]
[[869 882 884 876]
 [871 879 877 870]
 [872 875 873 869]
 ..., 
 [892 889 884 875]
 [898 890 884 878]
 [892 886 882 881]]
[[885 891 885 878]
 [881 890 883 876]
 [879 887 882 875]
 ..., 
 [897 890 880 872]
 [899 890 882 876]
 [892 890 886 882]]
[[893 896 877 875]
 [890 896 879 874]
 [889 893 884 878]
 ..., 
 [904 898 887 879]
 [895 894 888 882]
 [892 899 896 890]]
[[892 895 875 879]
 [890 894 876 876]
 [888 890 880 878]
 ..., 
 [919 917 907 895]
 [903 907 904 892]
 [897 903 902 891]]
[[884 890 883 886]
 [880 889 882 880]
 [881 885 883 885]
 ..., 
 [951 946 937 916]
 [929 927 921 906]
 [916 912 907 894]]
[[882 891 892 891]
 [878 888 891 886]
 [874 881 888 889]
 ..., 
 [988 976 964 940]
 [962 947 937 920]
 [940 927 916 904]]
[[ 889  890  890  889]
 [ 886  890  892  887]
 [ 878  883  888  887]
 ..., 
 [1016  998  987  964]
 [ 993  974  960  946]
 [ 965  950  937  929]]
[[ 901  889  885  887]
 [ 898  892  886  885]
 [ 892  889  885  888]
 ..., 
 [1038 1023 1013  996]
 [1020 1004  993  981]
 [ 996  982  972  964]]
[[ 900  884  881  886]
 [ 901  890  886  886]
 [ 899  892  888  893]
 ..., 
 [1048 1039 1033 1024]
 [1039 1029 1026 1017]
 [1029 1017 1010 1002]]
[[ 894  883  884  887]
 [ 896  887  887  889]
 [ 901  892  889  889]
 ..., 
 [1048 1045 1044 1040]
 [1051 1049 1050 1043]
 [1056 1046 1042 1032]]
[[ 883  880  879  884]
 [ 886  881  883  888]
 [ 894  888  884  885]
 ..., 
 [1049 1055 1059 1055]
 [1063 1063 1066 1060]
 [1069 1065 1060 1051]]
[[ 876  879  875  880]
 [ 876  880  876  882]
 [ 880  881  874  876]
 ..., 
 [1050 1060 1063 1060]
 [1062 1070 1072 1067]
 [1066 1068 1066 1063]]
[[ 884  886  880  883]
 [ 877  884  879  884]
 [ 879  885  877  880]
 ..., 
 [1051 1061 1063 1060]
 [1052 1063 1069 1065]
 [1053 1062 1065 1064]]
[[ 893  892  887  892]
 [ 884  889  887  893]
 [ 885  889  887  890]
 ..., 
 [1053 1055 1055 1058]
 [1047 1055 1062 1061]
 [1049 1058 1063 1062]]
[[ 896  895  895  899]
 [ 892  895  899  903]
 [ 891  890  895  899]
 ..., 
 [1057 1053 1050 1056]
 [1053 1053 1059 1060]
 [1049 1057 1063 1062]]
[[ 894  896  898  894]
 [ 895  897  902  897]
 [ 893  892  900  900]
 ..., 
 [1063 1054 1050 1057]
 [1059 1054 1057 1060]
 [1062 1062 1065 1063]]
[[ 890  895  897  887]
 [ 893  897  899  889]
 [ 889  893  897  892]
 ..., 
 [1063 1055 1051 1051]
 [1069 1060 1057 1058]
 [1067 1062 1059 1056]]
[[ 886  888  889  879]
 [ 885  887  887  880]
 [ 883  885  886  882]
 ..., 
 [1067 1059 1053 1048]
 [1068 1058 1049 1045]
 [1066 1060 1050 1046]]
[[ 881  882  877  873]
 [ 883  879  874  874]
 [ 880  875  872  875]
 ..., 
 [1059 1054 1048 1041]
 [1063 1055 1047 1043]
 [1065 1061 1052 1047]]
[[ 885  881  874  876]
 [ 886  876  871  876]
 [ 883  871  866  873]
 ..., 
 [1053 1051 1048 1045]
 [1053 1049 1048 1047]
 [1059 1059 1056 1054]]
[[ 884  880  880  881]
 [ 886  877  875  880]
 [ 889  877  873  878]
 ..., 
 [1046 1047 1053 1055]
 [1050 1048 1054 1058]
 [1058 1058 1058 1061]]
[[ 887  886  891  888]
 [ 889  886  889  889]
 [ 893  889  887  885]
 ..., 
 [1052 1050 1060 1065]
 [1048 1047 1057 1065]
 [1058 1057 1058 1063]]
[[ 894  894  897  893]
 [ 896  896  896  894]
 [ 896  898  896  893]
 ..., 
 [1053 1053 1062 1064]
 [1050 1051 1057 1063]
 [1053 1053 1054 1058]]
[[ 898  898  897  895]
 [ 900  899  896  895]
 [ 898  900  899  898]
 ..., 
 [1055 1054 1057 1055]
 [1046 1046 1052 1050]
 [1044 1046 1049 1047]]
[[   0    2    2    2]
 [ 897  897  897  901]
 [ 897  897  899  902]
 ..., 
 [1046 1045 1051 1048]
 [1040 1038 1045 1047]
 [1042 1041 1046 1047]]
[[   0    2    0    1]
 [ 895  896  902  903]
 [ 895  895  901  904]
 ..., 
 [1040 1037 1048 1048]
 [1041 1036 1043 1049]
 [1046 1042 1047 1050]]
[[   0    0    0    0]
 [ 903  907  909  898]
 [ 896  898  905  897]
 ..., 
 [1043 1040 1053 1055]
 [1051 1044 1051 1057]
 [1058 1051 1053 1055]]
[[   0    0    0    0]
 [ 910  916  910  893]
 [ 900  904  903  888]
 ..., 
 [1051 1048 1057 1060]
 [1065 1056 1057 1059]
 [1072 1061 1056 1059]]
[[   0    0    0    0]
 [ 909  914  909  899]
 [ 902  907  903  891]
 ..., 
 [1058 1051 1053 1056]
 [1067 1057 1055 1055]
 [1074 1067 1059 1056]]
[[   0    0    0    0]
 [ 899  908  911  914]
 [ 896  903  903  903]
 ..., 
 [1044 1044 1047 1049]
 [1059 1053 1053 1050]
 [1069 1063 1058 1055]]
[[   0    0    0    0]
 [ 888  898  903  914]
 [ 888  895  902  912]
 ..., 
 [1025 1028 1039 1044]
 [1040 1038 1048 1049]
 [1057 1054 1055 1056]]
[[   0    0    0    0]
 [ 887  897  895  903]
 [ 888  894  900  910]
 ..., 
 [1007 1010 1023 1034]
 [1021 1021 1038 1045]
 [1042 1042 1049 1055]]
[[   0    0    0    0]
 [ 899  905  894  894]
 [ 895  901  899  902]
 ..., 
 [1005 1002 1012 1025]
 [1015 1015 1029 1039]
 [1039 1038 1049 1057]]
[[   0    0    0    0]
 [ 908  910  897  889]
 [ 905  908  899  894]
 ..., 
 [1005  991  991  998]
 [1016 1010 1015 1020]
 [1032 1028 1036 1038]]
[[   0    0    0    0]
 [ 912  912  904  892]
 [ 913  914  906  898]
 ..., 
 [1009  988  974  968]
 [1020 1008  996  991]
 [1033 1025 1019 1014]]
[[   0    0    0    0]
 [ 909  914  913  904]
 [ 910  916  916  912]
 ..., 
 [1004  987  961  944]
 [1024 1005  978  962]
 [1038 1023  999  986]]
[[   0    0    0    0]
 [   0    0    0    0]
 [ 908  923  931  928]
 ..., 
 [1011  989  955  928]
 [1024 1003  966  939]
 [   0    0    0    0]]
[[   0    0    0    0]
 [   0    0    0    0]
 [ 908  928  937  936]
 ..., 
 [1012  995  957  923]
 [1026 1006  966  929]
 [   0    0    0    0]]
[[   0    0    0    0]
 [   0    0    0    0]
 [ 912  926  926  930]
 ..., 
 [1008  992  958  924]
 [1028 1011  974  933]
 [   0    0    0    0]]
[[   0    0    0    0]
 [   0    0    0    0]
 [ 922  921  912  925]
 ..., 
 [1006  993  961  932]
 [1023 1006  973  939]
 [   0    0    0    0]]
[[   0    0    0    0]
 [   0    0    0    0]
 [ 932  921  911  932]
 ..., 
 [1002  985  957  940]
 [1016  995  964  945]
 [   0    0    0    0]]
[[   0    0    0    0]
 [   0    0    0    0]
 [ 943  936  932  954]
 ..., 
 [ 992  973  950  944]
 [1006  980  954  945]
 [   0    0    0    0]]
[[  0   0   0   0]
 [  0   0   0   0]
 [963 959 952 970]
 ..., 
 [985 969 952 944]
 [992 970 949 942]
 [  0   0   0   0]]
[[  0   0   0   0]
 [  0   0   0   0]
 [994 984 969 977]
 ..., 
 [987 981 971 957]
 [985 971 957 942]
 [  0   0   0   0]]
[[  0   0   0   0]
 [  0   0   0   0]
 [  0   0   0   0]
 ..., 
 [997 998 997 982]
 [  0   0   0   0]
 [  0   0   0   0]]
[[   0    0    0    0]
 [   0    0    0    0]
 [   0    0    0    0]
 ..., 
 [1012 1017 1022 1010]
 [   0    0    0    0]
 [   0    0    0    0]]
[[   0    0    0    0]
 [   0    0    0    0]
 [   0    0    0    0]
 ..., 
 [1027 1035 1040 1031]
 [   0    0    0    0]
 [   0    0    0    0]]
[[   0    0    0    0]
 [   0    0    0    0]
 [   0    0    0    0]
 ..., 
 [1046 1051 1050 1045]
 [   0    0    0    0]
 [   0    0    0    0]]
[[   0    0    0    0]
 [   0    0    0    0]
 [   0    0    0    0]
 ..., 
 [1057 1055 1051 1053]
 [   0    0    0    0]
 [   0    0    0    0]]
[[   0    0    0    0]
 [   0    0    0    0]
 [   0    0    0    0]
 ..., 
 [1064 1054 1050 1057]
 [   0    0    0    0]
 [   0    0    0    0]]
[[0 0 0 0]
 [0 0 0 0]
 [0 0 0 0]
 ..., 
 [0 0 0 0]
 [0 0 0 0]
 [0 0 0 0]]
[[0 0 0 0]
 [0 0 0 0]
 [0 0 0 0]
 ..., 
 [0 0 0 0]
 [0 0 0 0]
 [0 0 0 0]]
[[0 0 0 0]
 [0 0 0 0]
 [0 0 0 0]
 ..., 
 [0 0 0 0]
 [0 0 0 0]
 [0 0 0 0]]
[[0 0 0 0]
 [0 0 0 0]
 [0 0 0 0]
 ..., 
 [0 0 0 0]
 [0 0 0 0]
 [0 0 0 0]]
[[0 0 0 0]
 [0 0 0 0]
 [0 0 0 0]
 ..., 
 [0 0 0 0]
 [0 0 0 0]
 [0 0 0 0]]
[[0 0 0 0]
 [0 0 0 0]
 [0 0 0 0]
 ..., 
 [0 0 0 0]
 [0 0 0 0]
 [0 0 0 0]]
[[0 0 0 0]
 [0 0 0 0]
 [0 0 0 0]
 ..., 
 [0 0 0 0]
 [0 0 0 0]
 [0 0 0 0]]
[[0 0 0 0]
 [0 0 0 0]
 [0 0 0 0]
 ..., 
 [0 0 0 0]
 [0 0 0 0]
 [0 0 0 0]]
[[0 0 0 0]
 [0 0 0 0]
 [0 0 0 0]
 ..., 
 [0 0 0 0]
 [0 0 0 0]
 [0 0 0 0]]
[[0 0 0 0]
 [0 0 0 0]
 [0 0 0 0]
 ..., 
 [0 0 0 0]
 [0 0 0 0]
 [0 0 0 0]]
[[0 0 0 0]
 [0 0 0 0]
 [0 0 0 0]
 ..., 
 [0 0 0 0]
 [0 0 0 0]
 [0 0 0 0]]
[[0 0 0 0]
 [0 0 0 0]
 [0 0 0 0]
 ..., 
 [0 0 0 0]
 [0 0 0 0]
 [0 0 0 0]]
[[0 0 0 0]
 [0 0 0 0]
 [0 0 0 0]
 ..., 
 [0 0 0 0]
 [0 0 0 0]
 [0 0 0 0]]
[[0 0 0 0]
 [0 0 0 0]
 [0 0 0 0]
 ..., 
 [0 0 0 0]
 [0 0 0 0]
 [0 0 0 0]]
[[0 0 0 0]
 [0 0 0 0]
 [0 0 0 0]
 ..., 
 [0 0 0 0]
 [0 0 0 0]
 [0 0 0 0]]
[[0 0 0 0]
 [0 0 0 0]
 [0 0 0 0]
 ..., 
 [0 0 0 0]
 [0 0 0 0]
 [0 0 0 0]]
[[0 0 0 0]
 [0 0 0 0]
 [0 0 0 0]
 ..., 
 [0 0 0 0]
 [0 0 0 0]
 [0 0 0 0]]
[[0 0 0 0]
 [0 0 0 0]
 [0 0 0 0]
 ..., 
 [0 0 0 0]
 [0 0 0 0]
 [0 0 0 0]]
[[0 0 0 0]
 [0 0 0 0]
 [0 0 0 0]
 ..., 
 [0 0 0 0]
 [0 0 0 0]
 [0 0 0 0]]
[[0 0 0 0]
 [0 0 0 0]
 [0 0 0 0]
 ..., 
 [0 0 0 0]
 [0 0 0 0]
 [0 0 0 0]]
[[0 0 0 0]
 [0 0 0 0]
 [0 0 0 0]
 ..., 
 [0 0 0 0]
 [0 0 0 0]
 [0 0 0 0]]
[[0 0 0 0]
 [0 0 0 0]
 [0 0 0 0]
 ..., 
 [0 0 0 0]
 [0 0 0 0]
 [0 0 0 0]]
[[0 0 0 0]
 [0 0 0 0]
 [0 0 0 0]
 ..., 
 [0 0 0 0]
 [0 0 0 0]
 [0 0 0 0]]
[[0 0 0 0]
 [0 0 0 0]
 [0 0 0 0]
 ..., 
 [1 0 0 0]
 [1 0 0 0]
 [0 0 0 0]]
[[0 0 0 0]
 [0 0 0 0]
 [0 0 0 0]
 ..., 
 [2 0 0 0]
 [2 1 0 0]
 [0 0 0 0]]
[[0 0 0 0]
 [0 0 0 0]
 [0 0 0 0]
 ..., 
 [4 1 0 0]
 [4 2 0 0]
 [0 0 0 0]]
[[0 0 0 0]
 [0 0 0 0]
 [0 0 0 0]
 ..., 
 [5 3 1 0]
 [5 3 1 0]
 [0 0 0 0]]
[[0 0 0 0]
 [0 0 0 0]
 [0 0 0 0]
 ..., 
 [7 4 2 0]
 [6 3 2 1]
 [0 0 0 0]]
[[0 0 0 0]
 [0 0 0 0]
 [0 0 0 0]
 ..., 
 [7 5 3 1]
 [6 4 2 1]
 [0 0 0 0]]
[[0 0 2 2]
 [0 0 0 0]
 [0 0 0 0]
 ..., 
 [7 6 4 2]
 [6 5 3 2]
 [0 0 0 0]]
[[0 0 2 0]
 [0 0 0 0]
 [0 0 0 0]
 ..., 
 [6 6 5 3]
 [6 5 4 2]
 [0 0 0 0]]
[[0 0 0 0]
 [0 0 0 0]
 [0 0 0 0]
 ..., 
 [5 6 5 3]
 [5 5 4 2]
 [0 0 0 0]]
[[0 0 0 0]
 [0 0 0 0]
 [0 0 0 0]
 ..., 
 [4 5 5 4]
 [4 5 4 3]
 [0 0 0 0]]
[[0 0 0 0]
 [0 0 0 0]
 [0 0 0 0]
 ..., 
 [2 4 4 4]
 [3 4 4 3]
 [0 0 0 0]]
[[0 0 0 0]
 [0 0 0 0]
 [0 0 0 0]
 ..., 
 [1 3 4 4]
 [1 3 4 4]
 [0 0 0 0]]
[[0 0 0 0]
 [0 0 0 0]
 [0 0 0 0]
 ..., 
 [1 2 3 3]
 [1 2 3 3]
 [0 0 0 0]]
[[0 0 0 0]
 [0 0 0 0]
 [0 0 0 0]
 ..., 
 [0 1 2 2]
 [0 1 2 2]
 [0 0 0 0]]
[[0 0 0 1]
 [0 0 0 0]
 [0 0 0 0]
 ..., 
 [0 0 1 1]
 [0 0 1 2]
 [0 0 0 0]]
[[0 0 0 1]
 [0 0 0 0]
 [0 0 0 0]
 ..., 
 [0 0 1 1]
 [0 0 1 1]
 [0 0 0 0]]
[[0 0 0 0]
 [0 0 0 0]
 [0 0 0 0]
 ..., 
 [0 0 0 0]
 [0 0 0 0]
 [0 0 0 0]]
[[0 0 0 0]
 [0 0 0 0]
 [0 0 0 0]
 ..., 
 [0 0 0 0]
 [0 0 0 0]
 [0 0 0 0]]
[[0 0 0 0]
 [0 0 0 0]
 [0 0 0 0]
 ..., 
 [0 0 0 0]
 [0 0 0 0]
 [0 0 0 0]]
[[0 0 0 0]
 [0 0 0 0]
 [1 0 0 0]
 ..., 
 [0 0 0 0]
 [0 0 0 0]
 [0 0 0 0]]
[[0 0 0 0]
 [1 0 0 0]
 [0 0 0 0]
 ..., 
 [0 0 0 0]
 [0 0 0 0]
 [0 0 0 0]]
[[0 0 0 0]
 [1 0 0 0]
 [0 0 0 0]
 ..., 
 [0 0 0 0]
 [0 0 0 0]
 [0 0 0 0]]
[[1 0 0 0]
 [0 0 0 0]
 [0 0 0 0]
 ..., 
 [0 0 0 0]
 [0 0 0 0]
 [0 0 0 0]]
[[0 0 0 0]
 [0 0 0 0]
 [0 0 0 0]
 ..., 
 [0 0 0 0]
 [0 0 0 0]
 [0 0 0 0]]
[[1 0 0 0]
 [1 0 0 0]
 [1 0 0 0]
 ..., 
 [0 0 0 0]
 [0 0 0 0]
 [0 0 0 0]]
[[1 0 0 0]
 [1 0 0 0]
 [1 0 0 0]
 ..., 
 [0 0 0 0]
 [0 0 0 0]
 [0 0 0 0]]
[[1 0 0 0]
 [1 1 0 0]
 [1 0 0 0]
 ..., 
 [0 0 0 0]
 [0 0 0 0]
 [0 0 0 0]]
[[1 0 1 0]
 [1 1 1 0]
 [1 1 1 0]
 ..., 
 [0 0 0 0]
 [0 0 0 0]
 [0 0 0 0]]
[[1 0 1 0]
 [1 1 1 1]
 [1 0 1 1]
 ..., 
 [0 0 0 0]
 [0 0 0 0]
 [0 0 0 0]]
[[1 1 2 1]
 [1 0 1 1]
 [1 0 1 1]
 ..., 
 [0 0 0 0]
 [0 0 0 0]
 [0 0 0 0]]
[[1 0 1 1]
 [1 0 1 1]
 [1 0 1 1]
 ..., 
 [0 0 0 0]
 [0 0 0 0]
 [0 0 0 0]]
[[1 0 1 1]
 [1 0 1 1]
 [0 0 1 1]
 ..., 
 [0 0 0 0]
 [0 0 0 0]
 [0 0 0 0]]
[[0 1 0 1]
 [0 0 0 1]
 [0 1 1 1]
 ..., 
 [0 0 0 0]
 [0 0 0 0]
 [0 0 0 0]]
[[0 1 0 1]
 [0 0 0 1]
 [0 0 0 1]
 ..., 
 [0 0 0 0]
 [0 0 0 0]
 [0 0 0 0]]
[[0 0 0 1]
 [0 0 0 1]
 [0 0 0 1]
 ..., 
 [0 0 0 0]
 [0 0 0 0]
 [0 0 0 0]]
[[0 0 0 1]
 [0 0 0 1]
 [0 0 0 1]
 ..., 
 [0 0 0 0]
 [0 0 0 0]
 [0 0 0 0]]
[[0 0 0 1]
 [0 0 0 1]
 [0 0 0 1]
 ..., 
 [0 0 0 0]
 [0 0 0 0]
 [0 0 0 0]]
[[0 0 0 1]
 [0 0 0 1]
 [0 0 0 1]
 ..., 
 [0 0 0 0]
 [0 0 0 0]
 [0 0 0 0]]
[[0 0 0 1]
 [0 0 0 1]
 [0 0 0 1]
 ..., 
 [0 0 0 0]
 [0 0 0 0]
 [0 0 0 0]]
[[0 0 0 0]
 [0 0 0 1]
 [0 0 0 1]
 ..., 
 [0 0 0 0]
 [0 0 0 0]
 [0 0 0 0]]
[[0 0 0 0]
 [0 0 0 1]
 [0 0 1 1]
 ..., 
 [0 0 0 0]
 [0 0 0 0]
 [0 0 0 0]]
[[0 0 0 1]
 [0 0 0 0]
 [0 0 1 0]
 ..., 
 [0 0 0 0]
 [0 0 0 0]
 [0 0 0 0]]
[[0 0 1 0]
 [0 0 0 0]
 [0 0 0 0]
 ..., 
 [0 0 0 0]
 [0 0 0 0]
 [0 0 0 0]]
[[0 0 0 0]
 [0 0 0 0]
 [0 0 0 0]
 ..., 
 [0 0 0 0]
 [0 0 0 0]
 [0 0 0 0]]
[[0 0 0 0]
 [0 0 0 0]
 [0 0 1 0]
 ..., 
 [0 0 0 0]
 [0 0 0 0]
 [0 0 0 0]]
[[0 0 0 1]
 [0 0 0 0]
 [0 0 0 0]
 ..., 
 [0 0 0 0]
 [0 0 0 0]
 [0 0 0 0]]
[[0 0 0 0]
 [0 0 0 0]
 [0 0 0 0]
 ..., 
 [0 0 0 0]
 [0 0 0 0]
 [0 0 0 0]]
[[0 0 0 0]
 [0 0 0 0]
 [0 0 0 0]
 ..., 
 [0 0 0 0]
 [0 0 0 0]
 [0 0 0 0]]
[[0 0 0 0]
 [0 0 0 0]
 [0 0 0 0]
 ..., 
 [0 0 0 0]
 [0 0 0 0]
 [0 0 0 0]]
[[0 1 1 0]
 [0 0 0 0]
 [0 0 0 0]
 ..., 
 [0 0 0 0]
 [0 0 0 0]
 [0 0 0 0]]
[[0 0 0 0]
 [0 0 0 0]
 [0 0 0 0]
 ..., 
 [0 0 0 0]
 [0 0 0 0]
 [0 0 0 0]]
[[0 0 0 0]
 [0 0 0 0]
 [0 0 0 0]
 ..., 
 [0 0 0 0]
 [0 0 0 0]
 [0 0 0 0]]
[[0 0 0 0]
 [0 0 0 0]
 [0 0 0 0]
 ..., 
 [0 0 0 0]
 [0 0 0 0]
 [0 0 0 0]]
[[0 0 0 0]
 [0 0 0 0]
 [0 0 0 0]
 ..., 
 [0 0 0 0]
 [0 0 0 0]
 [0 0 0 0]]
[[0 0 0 0]
 [0 0 0 0]
 [0 0 0 0]
 ..., 
 [0 0 0 0]
 [0 0 0 0]
 [0 0 0 0]]
[[0 0 0 0]
 [0 0 0 0]
 [0 0 0 0]
 ..., 
 [0 0 0 0]
 [0 0 0 0]
 [0 0 0 0]]
[[0 0 0 0]
 [0 0 0 0]
 [0 0 0 0]
 ..., 
 [0 0 0 0]
 [0 0 0 0]
 [0 0 0 0]]
[[0 0 0 0]
 [0 0 0 0]
 [0 0 0 0]
 ..., 
 [0 0 0 0]
 [0 0 0 0]
 [0 0 0 0]]
[[0 0 0 0]
 [0 0 0 0]
 [0 0 0 0]
 ..., 
 [0 0 0 0]
 [0 0 0 0]
 [0 0 0 0]]
[[0 0 0 0]
 [0 0 0 0]
 [0 0 0 0]
 ..., 
 [0 0 0 0]
 [0 0 0 0]
 [0 0 0 0]]
[[0 0 0 0]
 [0 0 0 0]
 [0 0 0 0]
 ..., 
 [0 0 0 0]
 [0 0 0 0]
 [0 0 0 0]]
[[0 0 0 0]
 [0 0 0 0]
 [0 0 0 0]
 ..., 
 [0 0 0 0]
 [0 0 0 0]
 [0 0 0 0]]
[[0 0 0 0]
 [0 0 0 0]
 [0 0 0 0]
 ..., 
 [0 0 0 0]
 [0 0 0 0]
 [0 0 0 0]]
[[0 0 0 0]
 [0 0 0 0]
 [0 0 0 0]
 ..., 
 [0 0 0 0]
 [0 0 0 0]
 [0 0 0 0]]
[[0 0 0 0]
 [0 0 0 0]
 [0 0 0 0]
 ..., 
 [0 0 0 0]
 [0 0 0 0]
 [0 0 0 0]]
[[0 0 0 0]
 [0 0 0 0]
 [0 0 0 0]
 ..., 
 [0 0 0 0]
 [0 0 0 0]
 [0 0 0 0]]
[[0 0 0 0]
 [0 0 0 0]
 [0 0 0 0]
 ..., 
 [0 0 0 0]
 [0 0 0 0]
 [0 0 0 0]]
[[0 0 0 0]
 [0 0 0 0]
 [0 0 0 0]
 ..., 
 [0 0 0 0]
 [0 0 0 0]
 [0 0 0 0]]
[[0 0 0 0]
 [0 0 0 0]
 [0 0 0 0]
 ..., 
 [0 0 0 0]
 [0 0 0 0]
 [0 0 0 0]]
[[0 0 0 0]
 [0 0 0 0]
 [0 0 0 0]
 ..., 
 [0 0 0 0]
 [0 0 0 0]
 [0 0 0 0]]
[[0 0 0 0]
 [0 0 0 0]
 [0 0 0 0]
 ..., 
 [0 0 0 0]
 [0 0 0 0]
 [0 0 0 0]]
[[0 0 0 0]
 [0 0 0 0]
 [0 0 0 0]
 ..., 
 [0 0 0 0]
 [0 0 0 0]
 [0 0 0 0]]
[[0 0 0 0]
 [0 0 0 0]
 [0 0 0 0]
 ..., 
 [0 0 0 0]
 [0 0 0 0]
 [0 0 0 0]]
[[0 0 0 0]
 [0 0 0 0]
 [0 0 0 0]
 ..., 
 [0 0 0 0]
 [0 0 0 0]
 [0 0 0 0]]
[[0 0 0 0]
 [0 0 0 0]
 [0 0 0 0]
 ..., 
 [0 0 0 0]
 [0 0 0 0]
 [0 0 0 0]]
[[0 0 0 0]
 [0 0 0 0]
 [0 0 0 0]
 ..., 
 [0 0 0 0]
 [0 0 0 0]
 [0 0 0 0]]
[[0 0 0 0]
 [0 0 0 0]
 [0 0 0 0]
 ..., 
 [0 0 0 0]
 [0 0 0 0]
 [0 0 0 0]]
[[0 0 0 0]
 [0 0 0 0]
 [0 0 0 0]
 ..., 
 [0 0 0 0]
 [0 0 0 0]
 [0 0 0 0]]
[[0 0 0 0]
 [0 0 0 0]
 [0 0 0 0]
 ..., 
 [0 0 0 0]
 [0 0 0 0]
 [0 0 0 0]]
[[0 0 0 0]
 [0 0 0 0]
 [0 0 0 0]
 ..., 
 [0 0 0 0]
 [0 0 0 0]
 [0 0 0 0]]
[[0 0 0 0]
 [0 0 0 0]
 [0 0 0 0]
 ..., 
 [0 0 0 0]
 [0 0 0 0]
 [0 0 0 0]]
[[0 0 0 0]
 [0 0 0 0]
 [0 0 0 0]
 ..., 
 [0 0 0 0]
 [0 0 0 0]
 [0 0 0 0]]
[[0 0 0 0]
 [0 0 0 0]
 [0 0 0 0]
 ..., 
 [0 0 0 0]
 [0 0 0 0]
 [0 0 0 0]]
[[0 0 0 0]
 [0 0 0 0]
 [0 0 0 0]
 ..., 
 [0 0 0 0]
 [0 0 0 0]
 [0 0 0 0]]
[[0 0 0 0]
 [0 0 0 0]
 [0 0 0 0]
 ..., 
 [0 0 0 0]
 [0 0 0 0]
 [0 0 0 0]]
[[0 0 0 0]
 [0 0 0 0]
 [0 0 0 0]
 ..., 
 [0 0 0 0]
 [0 0 0 0]
 [0 0 0 0]]
[[0 0 0 0]
 [0 0 0 0]
 [0 0 0 0]
 ..., 
 [0 0 0 0]
 [0 0 0 0]
 [0 0 0 0]]
[[0 0 0 0]
 [0 0 0 0]
 [0 0 0 0]
 ..., 
 [0 0 0 0]
 [0 0 0 0]
 [0 0 0 0]]
[[0 0 0 0]
 [0 0 0 0]
 [0 0 0 0]
 ..., 
 [0 0 0 0]
 [0 0 0 0]
 [0 0 0 0]]
[[0 0 0 0]
 [0 0 0 0]
 [0 0 0 0]
 ..., 
 [0 0 0 0]
 [0 0 0 0]
 [0 0 0 0]]
[[0 0 0 0]
 [0 0 0 0]
 [0 0 0 0]
 ..., 
 [0 0 0 0]
 [0 0 0 0]
 [0 0 0 0]]
[[0 0 0 0]
 [0 0 0 0]
 [0 0 0 0]
 ..., 
 [0 0 0 0]
 [0 0 0 0]
 [0 0 0 0]]
[[0 0 0 0]
 [0 0 0 0]
 [0 0 0 0]
 ..., 
 [0 0 0 0]
 [0 0 0 0]
 [0 0 0 0]]
[[0 0 0 0]
 [0 0 0 0]
 [0 0 0 0]
 ..., 
 [0 0 0 0]
 [0 0 0 0]
 [0 0 0 0]]
[[0 0 0 0]
 [0 0 0 0]
 [0 0 0 0]
 ..., 
 [0 0 0 0]
 [0 0 0 0]
 [0 0 0 0]]
[[0 0 0 0]
 [0 0 0 0]
 [0 0 0 0]
 ..., 
 [0 0 0 0]
 [0 0 0 0]
 [0 0 0 0]]
[[0 0 0 0]
 [0 0 0 0]
 [0 0 0 0]
 ..., 
 [0 0 0 0]
 [0 0 0 0]
 [0 0 0 0]]
[[0 0 0 0]
 [0 0 0 0]
 [0 0 0 0]
 ..., 
 [0 0 0 0]
 [0 0 0 0]
 [0 0 0 0]]
[[0 0 0 0]
 [0 0 0 0]
 [0 0 0 0]
 ..., 
 [0 0 0 0]
 [0 0 0 0]
 [0 0 0 0]]
[[0 0 0 0]
 [0 0 0 0]
 [0 0 0 0]
 ..., 
 [0 0 0 0]
 [0 0 0 0]
 [0 0 0 0]]
[[0 0 0 0]
 [0 0 0 0]
 [0 0 0 0]
 ..., 
 [0 0 0 0]
 [0 0 0 0]
 [0 0 0 0]]
[[0 0 0 0]
 [0 0 0 0]
 [0 0 0 0]
 ..., 
 [0 0 0 0]
 [0 0 0 0]
 [0 0 0 0]]
[[0 0 0 0]
 [0 0 0 0]
 [0 0 0 0]
 ..., 
 [0 0 0 0]
 [0 0 0 0]
 [0 0 0 0]]
[[0 0 0 0]
 [0 0 0 0]
 [0 0 0 0]
 ..., 
 [0 0 0 0]
 [0 0 0 0]
 [0 0 0 0]]
[[0 0 0 0]
 [0 0 0 0]
 [0 0 0 0]
 ..., 
 [0 0 0 0]
 [0 0 0 0]
 [0 0 0 0]]
[[0 0 0 0]
 [0 0 0 0]
 [0 0 0 0]
 ..., 
 [0 0 0 0]
 [0 0 0 0]
 [0 0 0 0]]
[[0 0 0 0]
 [0 0 0 0]
 [0 0 0 0]
 ..., 
 [0 0 0 0]
 [0 0 0 0]
 [0 0 0 0]]
[[0 0 0 0]
 [0 0 0 0]
 [0 0 0 0]
 ..., 
 [0 0 0 0]
 [0 0 0 0]
 [0 0 0 0]]
[[0 0 0 0]
 [0 0 0 0]
 [0 0 0 0]
 ..., 
 [0 0 0 0]
 [0 0 0 0]
 [0 0 0 0]]
[[0 0 0 0]
 [0 0 0 0]
 [0 0 0 0]
 ..., 
 [0 0 0 0]
 [0 0 0 0]
 [0 0 0 0]]
[[0 0 0 0]
 [0 0 0 0]
 [0 0 0 0]
 ..., 
 [0 0 0 0]
 [0 0 0 0]
 [0 0 0 0]]
[[0 0 0 0]
 [0 0 0 0]
 [0 0 0 0]
 ..., 
 [0 0 0 0]
 [0 0 0 0]
 [0 0 0 0]]
[[0 0 0 0]
 [0 0 0 0]
 [0 0 0 0]
 ..., 
 [0 0 0 0]
 [1 0 0 0]
 [0 0 0 0]]
[[0 0 0 0]
 [0 0 0 0]
 [0 0 0 0]
 ..., 
 [0 0 0 0]
 [0 0 0 0]
 [0 0 0 0]]
[[0 0 0 0]
 [0 0 0 0]
 [0 0 0 0]
 ..., 
 [0 0 0 0]
 [0 0 0 0]
 [0 0 0 0]]
[[0 0 0 0]
 [0 0 0 0]
 [0 0 0 0]
 ..., 
 [0 0 0 0]
 [0 0 0 0]
 [0 0 0 0]]
[[0 0 0 0]
 [0 0 0 0]
 [0 0 0 0]
 ..., 
 [0 0 0 0]
 [0 0 0 0]
 [0 0 0 0]]
[[0 0 0 0]
 [0 0 0 0]
 [0 0 0 0]
 ..., 
 [0 0 0 0]
 [0 0 0 0]
 [0 0 0 0]]
[[0 0 0 0]
 [0 0 0 0]
 [0 0 0 0]
 ..., 
 [0 0 0 0]
 [0 0 0 0]
 [0 0 0 0]]
[[0 0 0 0]
 [0 0 0 0]
 [0 0 0 0]
 ..., 
 [0 0 0 0]
 [0 0 0 0]
 [0 0 0 0]]
[[0 0 0 0]
 [0 0 0 0]
 [0 0 0 0]
 ..., 
 [0 0 0 0]
 [0 0 0 0]
 [0 0 0 0]]
[[0 0 0 0]
 [0 0 0 0]
 [1 0 0 0]
 ..., 
 [0 0 0 0]
 [0 0 0 0]
 [0 0 0 0]]
[[1 0 0 0]
 [1 0 0 0]
 [1 1 0 0]
 ..., 
 [0 0 0 0]
 [0 0 0 0]
 [0 0 0 0]]
[[1 0 0 0]
 [1 1 0 0]
 [1 1 0 0]
 ..., 
 [0 0 0 0]
 [0 0 0 0]
 [0 0 0 0]]
[[1 0 0 0]
 [1 0 0 0]
 [1 1 0 0]
 ..., 
 [0 0 0 0]
 [0 0 0 0]
 [0 0 0 0]]
[[1 1 0 0]
 [1 1 0 0]
 [1 1 0 0]
 ..., 
 [0 0 0 0]
 [0 0 0 0]
 [0 0 0 0]]
[[1 1 0 0]
 [1 1 0 0]
 [0 0 0 0]
 ..., 
 [0 0 0 0]
 [0 0 0 0]
 [0 0 0 0]]
[[0 0 0 0]
 [0 0 0 0]
 [0 0 0 0]
 ..., 
 [0 0 0 0]
 [0 0 0 0]
 [0 0 0 0]]
[[0 0 0 0]
 [0 0 0 0]
 [0 0 0 0]
 ..., 
 [0 0 0 0]
 [0 0 0 0]
 [0 0 0 0]]
[[0 0 0 0]
 [0 0 0 0]
 [1 0 0 0]
 ..., 
 [0 0 0 0]
 [0 0 0 0]
 [0 0 0 0]]
[[1 0 0 0]
 [1 1 1 0]
 [1 1 1 0]
 ..., 
 [0 0 0 0]
 [0 0 0 0]
 [0 0 0 0]]
[[1 1 0 0]
 [1 1 1 0]
 [1 1 1 0]
 ..., 
 [0 0 0 0]
 [0 0 0 0]
 [0 0 0 0]]
[[0 1 1 0]
 [1 1 1 0]
 [0 0 0 0]
 ..., 
 [0 0 0 0]
 [0 0 0 0]
 [0 0 0 0]]
[[0 0 0 0]
 [0 0 0 0]
 [0 0 0 0]
 ..., 
 [0 0 0 0]
 [0 0 0 0]
 [0 0 0 0]]
[[0 1 1 0]
 [0 0 0 0]
 [0 0 0 0]
 ..., 
 [0 0 0 0]
 [0 0 0 0]
 [0 0 0 0]]
[[0 0 0 0]
 [0 0 0 1]
 [0 0 0 1]
 ..., 
 [0 0 0 0]
 [0 0 0 0]
 [0 0 0 0]]
[[0 0 0 1]
 [0 0 0 1]
 [0 0 0 1]
 ..., 
 [0 0 0 0]
 [0 0 0 0]
 [0 0 0 0]]
[[0 0 0 1]
 [0 0 0 1]
 [0 0 0 1]
 ..., 
 [0 0 0 0]
 [0 0 0 0]
 [0 0 0 0]]
[[0 0 0 1]
 [0 0 0 1]
 [0 0 0 0]
 ..., 
 [0 0 0 0]
 [0 0 0 0]
 [0 0 0 0]]
[[0 0 0 1]
 [0 0 0 1]
 [1 0 1 0]
 ..., 
 [0 0 0 0]
 [0 0 0 0]
 [0 0 0 0]]
[[0 0 0 0]
 [1 0 1 0]
 [2 1 1 0]
 ..., 
 [0 0 0 0]
 [0 0 0 0]
 [0 0 0 0]]
[[0 0 0 0]
 [1 1 1 0]
 [1 0 1 0]
 ..., 
 [0 0 0 0]
 [0 0 0 0]
 [0 0 0 0]]
[[1 0 0 0]
 [1 0 0 0]
 [1 0 0 0]
 ..., 
 [0 0 0 0]
 [0 0 0 0]
 [0 0 0 0]]
[[1 1 1 0]
 [1 0 0 0]
 [1 0 0 0]
 ..., 
 [0 0 0 0]
 [0 0 0 0]
 [0 0 0 0]]
[[1 0 0 0]
 [1 0 0 0]
 [0 0 0 1]
 ..., 
 [0 0 0 0]
 [0 0 0 0]
 [0 0 0 0]]
[[1 0 0 0]
 [0 0 0 0]
 [0 0 0 1]
 ..., 
 [0 0 0 0]
 [0 0 0 0]
 [0 0 0 0]]
[[0 0 0 0]
 [0 0 0 1]
 [0 0 0 1]
 ..., 
 [0 0 0 0]
 [0 0 0 0]
 [0 0 0 0]]
[[0 0 0 0]
 [0 0 0 0]
 [0 0 0 0]
 ..., 
 [0 0 0 0]
 [0 0 0 0]
 [0 0 0 0]]
[[0 0 0 0]
 [0 0 0 0]
 [0 0 0 0]
 ..., 
 [0 0 0 0]
 [0 0 0 0]
 [0 0 0 0]]
[[0 0 0 0]
 [0 0 0 0]
 [0 0 0 0]
 ..., 
 [0 0 0 0]
 [0 0 0 0]
 [0 0 0 0]]
[[0 0 0 0]
 [0 0 0 0]
 [0 0 0 0]
 ..., 
 [0 0 0 0]
 [0 0 0 0]
 [0 0 0 0]]
[[0 0 0 0]
 [0 0 0 0]
 [0 0 0 0]
 ..., 
 [0 0 0 0]
 [0 0 0 0]
 [0 0 0 0]]
[[0 0 0 0]
 [0 0 0 0]
 [0 0 0 0]
 ..., 
 [0 0 0 0]
 [0 0 0 0]
 [0 0 0 0]]
[[1 0 0 0]
 [0 0 0 0]
 [0 0 0 0]
 ..., 
 [0 0 0 0]
 [0 0 0 0]
 [0 0 0 0]]
[[0 0 0 0]
 [0 0 0 0]
 [0 0 0 0]
 ..., 
 [0 0 0 0]
 [0 0 0 0]
 [0 0 0 0]]
[[0 0 0 0]
 [0 0 0 0]
 [0 0 0 0]
 ..., 
 [0 0 0 0]
 [1 0 0 0]
 [0 0 0 0]]
[[0 0 0 0]
 [0 0 0 0]
 [0 0 0 0]
 ..., 
 [1 0 0 0]
 [1 0 0 0]
 [0 0 0 0]]
[[0 0 0 0]
 [0 0 0 0]
 [0 0 0 0]
 ..., 
 [0 0 0 0]
 [0 0 0 0]
 [0 0 0 0]]
[[0 0 0 0]
 [0 0 0 0]
 [0 0 0 0]
 ..., 
 [0 0 0 0]
 [0 0 0 0]
 [0 0 0 0]]
[[0 0 0 0]
 [0 0 0 1]
 [0 0 0 0]
 ..., 
 [0 0 0 0]
 [0 0 0 0]
 [0 0 0 0]]
[[0 0 0 1]
 [0 0 0 0]
 [0 0 0 0]
 ..., 
 [0 0 0 0]
 [0 0 0 0]
 [0 0 0 0]]
[[0 0 0 1]
 [0 0 0 1]
 [0 0 0 0]
 ..., 
 [0 0 0 0]
 [0 0 0 0]
 [0 0 0 0]]
[[0 0 0 1]
 [0 0 0 0]
 [0 0 0 0]
 ..., 
 [0 0 0 0]
 [0 0 0 0]
 [0 0 0 0]]
[[0 0 0 1]
 [0 0 0 0]
 [0 0 0 0]
 ..., 
 [0 0 0 1]
 [0 0 0 0]
 [0 0 0 0]]
[[0 0 0 0]
 [0 0 0 0]
 [0 0 0 0]
 ..., 
 [0 0 0 1]
 [0 0 0 1]
 [0 0 0 0]]
[[0 0 0 0]
 [0 0 0 0]
 [0 0 0 0]
 ..., 
 [0 0 0 0]
 [0 0 0 1]
 [0 0 0 0]]
[[0 0 0 0]
 [0 0 0 0]
 [0 0 0 0]
 ..., 
 [0 0 0 0]
 [0 0 0 0]
 [0 0 0 0]]
[[0 0 0 0]
 [0 0 0 0]
 [0 0 0 0]
 ..., 
 [0 0 0 0]
 [0 0 0 0]
 [0 0 0 0]]
[[0 0 0 0]
 [0 0 0 0]
 [0 0 0 0]
 ..., 
 [0 0 0 0]
 [0 0 0 0]
 [0 0 0 0]]
[[0 0 0 0]
 [0 0 0 0]
 [0 0 0 0]
 ..., 
 [0 0 0 0]
 [0 0 0 0]
 [0 0 0 0]]
[[0 0 0 0]
 [0 0 0 0]
 [0 0 0 0]
 ..., 
 [0 0 0 0]
 [0 0 0 0]
 [0 0 0 0]]
[[0 0 0 0]
 [0 0 0 0]
 [0 0 0 0]
 ..., 
 [0 0 0 0]
 [0 0 0 0]
 [0 0 0 0]]
[[0 0 0 0]
 [0 0 0 0]
 [0 0 0 0]
 ..., 
 [0 0 0 0]
 [0 0 0 0]
 [0 0 0 0]]
[[0 0 0 0]
 [0 0 0 0]
 [0 0 0 0]
 ..., 
 [0 0 0 0]
 [0 0 0 0]
 [0 0 0 0]]
[[0 0 0 0]
 [0 0 0 0]
 [0 0 0 0]
 ..., 
 [0 0 0 0]
 [0 0 0 0]
 [0 0 0 0]]
[[0 0 0 0]
 [0 0 0 0]
 [0 0 0 0]
 ..., 
 [0 0 0 0]
 [0 0 0 0]
 [0 0 0 0]]
[[0 0 0 0]
 [0 0 0 0]
 [0 0 0 0]
 ..., 
 [0 0 0 0]
 [0 0 0 0]
 [0 0 0 0]]
[[0 0 0 0]
 [0 0 0 0]
 [0 0 0 0]
 ..., 
 [0 0 0 0]
 [0 0 0 0]
 [0 0 0 0]]
[[0 0 0 0]
 [0 0 0 0]
 [0 0 0 0]
 ..., 
 [0 0 0 0]
 [0 0 0 0]
 [0 0 0 0]]
[[0 0 0 0]
 [0 0 0 0]
 [0 0 0 0]
 ..., 
 [0 0 0 0]
 [0 0 0 0]
 [0 0 0 0]]
[[0 0 0 0]
 [0 0 0 0]
 [0 0 0 0]
 ..., 
 [0 0 0 0]
 [0 0 0 0]
 [0 0 0 0]]
[[0 0 0 0]
 [0 0 0 0]
 [0 0 0 0]
 ..., 
 [0 0 0 0]
 [0 0 0 0]
 [0 0 0 0]]
[[0 0 0 0]
 [0 0 0 0]
 [0 0 0 0]
 ..., 
 [0 0 0 0]
 [0 0 0 0]
 [0 0 0 0]]
[[0 0 0 0]
 [0 0 0 0]
 [0 0 0 0]
 ..., 
 [0 0 0 0]
 [0 0 0 0]
 [0 0 0 0]]
[[0 0 0 0]
 [0 0 0 0]
 [0 0 0 0]
 ..., 
 [0 0 0 0]
 [0 0 0 0]
 [0 0 0 0]]
[[0 0 0 0]
 [0 0 0 0]
 [0 0 0 0]
 ..., 
 [0 0 0 0]
 [0 0 0 0]
 [0 0 0 0]]
[[0 0 0 0]
 [0 0 0 0]
 [0 0 0 0]
 ..., 
 [0 0 0 0]
 [0 0 0 0]
 [0 0 0 0]]
[[0 0 0 0]
 [0 0 0 0]
 [0 0 0 0]
 ..., 
 [0 0 0 0]
 [0 0 0 0]
 [0 0 0 0]]
[[0 0 0 0]
 [0 0 0 0]
 [0 0 0 0]
 ..., 
 [0 0 0 0]
 [0 0 0 0]
 [0 0 0 0]]
[[0 0 0 0]
 [0 0 0 0]
 [0 0 0 0]
 ..., 
 [0 0 0 0]
 [0 0 0 0]
 [0 0 0 0]]
[[0 0 0 0]
 [0 0 0 0]
 [0 0 0 0]
 ..., 
 [0 0 0 0]
 [0 0 0 0]
 [0 0 0 0]]
